version https://git-lfs.github.com/spec/v1
oid sha256:ec14a2a477facc7382fdb605b44983a580c440a12898922c52829407d2674184
size 717712
